0.000000	0.989016
10.000000	0.989016
20.000000	0.989016
30.000000	0.989016
40.000000	0.989016
50.000000	0.989016
60.000000	0.989016
70.000000	0.989016
80.000000	0.989016
90.000000	0.989016
100.000000	0.989016
110.000000	0.989015
120.000000	0.989015
130.000000	0.989013
140.000000	0.989011
150.000000	0.989007
160.000000	0.988999
170.000000	0.988986
180.000000	0.988965
190.000000	0.988932
200.000000	0.988880
210.000000	0.988801
220.000000	0.988684
230.000000	0.988514
240.000000	0.988269
250.000000	0.987922
260.000000	0.987439
270.000000	0.986774
280.000000	0.985870
290.000000	0.984656
300.000000	0.983041
310.000000	0.980918
320.000000	0.978154
330.000000	0.974590
340.000000	0.970041
350.000000	0.964289
360.000000	0.957087
370.000000	0.948161
380.000000	0.937212
390.000000	0.923925
400.000000	0.907985
410.000000	0.889091
420.000000	0.866983
430.000000	0.841465
440.000000	0.812436
450.000000	0.779917
460.000000	0.744073
470.000000	0.705221
480.000000	0.663831
490.000000	0.620505
500.000000	0.575943
510.000000	0.530897
520.000000	0.486124
530.000000	0.442332
540.000000	0.400144
550.000000	0.360069
560.000000	0.322485
570.000000	0.287640
580.000000	0.255664
590.000000	0.226581
600.000000	0.200333
610.000000	0.176799
620.000000	0.155814
630.000000	0.137186
640.000000	0.120713
650.000000	0.106187
660.000000	0.093409
670.000000	0.082187
680.000000	0.072344
690.000000	0.063717
700.000000	0.056160
710.000000	0.049541
720.000000	0.043743
730.000000	0.038662
740.000000	0.034209
750.000000	0.030302
760.000000	0.026872
770.000000	0.023858
780.000000	0.021207
790.000000	0.018874
800.000000	0.016817
810.000000	0.015003
820.000000	0.013401
830.000000	0.011984
840.000000	0.010729
850.000000	0.009618
860.000000	0.008631
870.000000	0.007755
880.000000	0.006975
890.000000	0.006281
900.000000	0.005662
910.000000	0.005110
920.000000	0.004616
930.000000	0.004175
940.000000	0.003780
950.000000	0.003425
960.000000	0.003107
970.000000	0.002821
980.000000	0.002564
990.000000	0.002333
1000.000000	0.002124
1010.000000	0.001936
1020.000000	0.001766
1030.000000	0.001613
1040.000000	0.001474
1050.000000	0.001348
1060.000000	0.001234
1070.000000	0.001130
1080.000000	0.001036
1090.000000	0.000951
1100.000000	0.000873
1110.000000	0.000803
1120.000000	0.000738
1130.000000	0.000679
1140.000000	0.000626
1150.000000	0.000577
1160.000000	0.000532
1170.000000	0.000491
1180.000000	0.000454
1190.000000	0.000419
